./lbl-internal.20041004-1305.port002.dump.anon-dir/stream-214/stream-214.csv:1096920447.343934, 32488.0, 2.0, increase 12276.0 4059.0 6798.0
./lbl-internal.20041004-1305.port002.dump.anon-dir/stream-214/stream-214.csv:1096920448.0106008, 40078.0, 0.6666666666666666, increase 4059.0 11385.0 5890.499824449425
./lbl-internal.20041004-1305.port002.dump.anon-dir/stream-214/stream-214.csv:1096920450.0106008, 45292.0, 1.3333333333333333, increase 0.0 3910.5 2607.0
./lbl-internal.20041004-1305.port002.dump.anon-dir/stream-214/stream-214.csv:1096920450.5106008, 45292.0, 0.5, increase 3910.5 0.0 2844.000123284085
./lbl-internal.20041004-1305.port002.dump.anon-dir/stream-214/stream-214.csv:1096920452.0106008, 52750.0, 1.0, increase 14916.0 0.0 4972.0
./lbl-internal.20041004-1305.port002.dump.anon-dir/stream-214/stream-214.csv:1096920452.5106008, 60208.0, 0.5, increase 0.0 14916.0 4972.0
./lbl-internal.20041004-1305.port002.dump.anon-dir/stream-214/stream-214.csv:1096920454.0106008, 67336.0, 1.0, increase 0.0 7128.0 4752.0
./lbl-internal.20041004-1305.port002.dump.anon-dir/stream-214/stream-214.csv:1096920454.5106008, 67336.0, 0.5, increase 7128.0 0.0 4752.0
./lbl-internal.20041004-1305.port002.dump.anon-dir/stream-214/stream-214.csv:1096920456.0106008, 76708.0, 1.0, increase 0.0 9372.0 6248.0
./lbl-internal.20041004-1305.port002.dump.anon-dir/stream-214/stream-214.csv:1096920456.5106008, 76708.0, 0.5, increase 9372.0 0.0 6248.0
./lbl-internal.20041004-1305.port002.dump.anon-dir/stream-214/stream-214.csv:1096920458.0106008, 83440.0, 1.0, increase 13464.0 0.0 4488.0
./lbl-internal.20041004-1305.port002.dump.anon-dir/stream-214/stream-214.csv:1096920458.5106008, 91690.0, 0.5, increase 0.0 16500.0 5500.0
./lbl-internal.20041004-1305.port002.dump.anon-dir/stream-214/stream-214.csv:1096920460.0106008, 98356.0, 1.0, increase 0.0 6666.0 4444.0
./lbl-internal.20041004-1305.port002.dump.anon-dir/stream-214/stream-214.csv:1096920460.5106008, 98356.0, 0.5, increase 6666.0 0.0 4444.0
./lbl-internal.20041004-1305.port002.dump.anon-dir/stream-214/stream-214.csv:1096920462.0106008, 106408.0, 1.0, increase 0.0 8052.0 5368.0
./lbl-internal.20041004-1305.port002.dump.anon-dir/stream-214/stream-214.csv:1096920462.5106008, 106408.0, 0.5, increase 8052.0 0.0 5368.0
./lbl-internal.20041004-1305.port002.dump.anon-dir/stream-214/stream-214.csv:1096920464.0106008, 113932.0, 1.0, increase 15048.0 0.0 5016.0
./lbl-internal.20041004-1305.port002.dump.anon-dir/stream-214/stream-214.csv:1096920464.5106008, 122182.0, 0.5, increase 0.0 16500.0 5500.0
./lbl-internal.20041004-1305.port002.dump.anon-dir/stream-214/stream-214.csv:1096920466.0106008, 130168.0, 1.0, increase 0.0 7986.0 5324.0
./lbl-internal.20041004-1305.port002.dump.anon-dir/stream-214/stream-214.csv:1096920466.5106008, 130168.0, 0.5, increase 7986.0 0.0 5324.0
./lbl-internal.20041004-1305.port002.dump.anon-dir/stream-214/stream-214.csv:1096920468.0106008, 137626.0, 1.0, increase 0.0 7458.0 4972.0
./lbl-internal.20041004-1305.port002.dump.anon-dir/stream-214/stream-214.csv:1096920468.5106008, 137626.0, 0.5, increase 7458.0 0.0 4972.0
./lbl-internal.20041004-1305.port002.dump.anon-dir/stream-214/stream-214.csv:1096920470.0106008, 145348.0, 1.0, increase 15444.0 0.0 5148.0
./lbl-internal.20041004-1305.port002.dump.anon-dir/stream-214/stream-214.csv:1096920470.5106008, 153202.0, 0.5, increase 0.0 15708.0 5236.0
./lbl-internal.20041004-1305.port002.dump.anon-dir/stream-214/stream-214.csv:1096920472.0106008, 160198.0, 1.0, increase 0.0 6996.0 4664.0
./lbl-internal.20041004-1305.port002.dump.anon-dir/stream-214/stream-214.csv:1096920472.5106008, 160198.0, 0.5, increase 6996.0 0.0 4664.0
./lbl-internal.20041004-1305.port002.dump.anon-dir/stream-214/stream-214.csv:1096920474.0106008, 173200.0, 1.0, increase 0.0 13002.0 8668.0
./lbl-internal.20041004-1305.port002.dump.anon-dir/stream-214/stream-214.csv:1096920474.5106008, 173200.0, 0.5, increase 13002.0 0.0 8668.0
./lbl-internal.20041004-1305.port002.dump.anon-dir/stream-214/stream-214.csv:1096920476.0106008, 972790.0, 1.0, increase 281688.0 658746.0 533060.0
./lbl-internal.20041004-1305.port002.dump.anon-dir/stream-214/stream-214.csv:1096920476.5106008, 972790.0, 0.5, increase 658746.0 0.0 439164.0
./lbl-internal.20041004-1305.port002.dump.anon-dir/stream-214/stream-214.csv:1096920478.0106008, 1488778.0, 1.0, increase 0.0 515988.0 343992.0
./lbl-internal.20041004-1305.port002.dump.anon-dir/stream-214/stream-214.csv:1096920478.5106008, 1882138.0, 0.5, increase 515988.0 786720.0 606232.0
./lbl-internal.20041004-1305.port002.dump.anon-dir/stream-214/stream-214.csv:1096920480.0106008, 2579890.0, 1.0, increase 757152.0 319176.0 465168.0
./lbl-internal.20041004-1305.port002.dump.anon-dir/stream-214/stream-214.csv:1096920480.5106008, 2579890.0, 0.5, increase 319176.0 0.0 212784.0
./lbl-internal.20041004-1305.port002.dump.anon-dir/stream-214/stream-214.csv:1096920482.0106008, 3533920.0, 1.0, increase 355872.0 776094.0 636020.0
./lbl-internal.20041004-1305.port002.dump.anon-dir/stream-214/stream-214.csv:1096920482.5106008, 3923980.0, 0.5, increase 776094.0 780120.0 777436.0
./lbl-internal.20041004-1305.port002.dump.anon-dir/stream-214/stream-214.csv:1096920484.0106008, 4302886.0, 1.0, increase 757812.0 0.0 252604.0
./lbl-internal.20041004-1305.port002.dump.anon-dir/stream-214/stream-214.csv:1096920484.5106008, 4498246.0, 0.5, increase 0.0 390720.0 130240.0
./lbl-internal.20041004-1305.port002.dump.anon-dir/stream-214/stream-214.csv:1096920486.0106008, 5261338.0, 1.0, increase 772596.0 376794.0 508728.0
./lbl-internal.20041004-1305.port002.dump.anon-dir/stream-214/stream-214.csv:1096920486.5106008, 5261338.0, 0.5, increase 376794.0 0.0 251196.0
./lbl-internal.20041004-1305.port002.dump.anon-dir/stream-214/stream-214.csv:1096920488.0106008, 5272294.0, 1.0, increase 21912.0 0.0 7304.0
./lbl-internal.20041004-1305.port002.dump.anon-dir/stream-214/stream-214.csv:1096920488.5106008, 5283448.0, 0.5, increase 0.0 22308.0 7436.0
./lbl-internal.20041004-1305.port002.dump.anon-dir/stream-214/stream-214.csv:1096920490.0106008, 5291302.0, 1.0, increase 0.0 7854.0 5236.0
./lbl-internal.20041004-1305.port002.dump.anon-dir/stream-214/stream-214.csv:1096920490.5106008, 5291302.0, 0.5, increase 7854.0 0.0 5236.0
./lbl-internal.20041004-1305.port002.dump.anon-dir/stream-214/stream-214.csv:1096920492.0106008, 5299024.0, 1.0, increase 0.0 7722.0 5148.0
./lbl-internal.20041004-1305.port002.dump.anon-dir/stream-214/stream-214.csv:1096920492.5106008, 5299024.0, 0.5, increase 7722.0 0.0 5148.0
./lbl-internal.20041004-1305.port002.dump.anon-dir/stream-214/stream-214.csv:1096920494.0106008, 5307076.0, 1.0, increase 16104.0 0.0 5368.0
./lbl-internal.20041004-1305.port002.dump.anon-dir/stream-214/stream-214.csv:1096920494.5106008, 5315590.0, 0.5, increase 0.0 17028.0 5676.0
./lbl-internal.20041004-1305.port002.dump.anon-dir/stream-214/stream-214.csv:1096920496.0106008, 5323312.0, 1.0, increase 0.0 7722.0 5148.0
./lbl-internal.20041004-1305.port002.dump.anon-dir/stream-214/stream-214.csv:1096920496.5106008, 5323312.0, 0.5, increase 7722.0 0.0 5148.0
./lbl-internal.20041004-1305.port002.dump.anon-dir/stream-214/stream-214.csv:1096920498.0106008, 5331100.0, 1.0, increase 0.0 7788.0 5192.0
./lbl-internal.20041004-1305.port002.dump.anon-dir/stream-214/stream-214.csv:1096920498.5106008, 5331100.0, 0.5, increase 7788.0 0.0 5192.0
./lbl-internal.20041004-1305.port002.dump.anon-dir/stream-214/stream-214.csv:1096920500.0106008, 5339944.0, 1.0, increase 17688.0 0.0 5896.0
./lbl-internal.20041004-1305.port002.dump.anon-dir/stream-214/stream-214.csv:1096920500.5106008, 5347864.0, 0.5, increase 0.0 15840.0 5280.0
./lbl-internal.20041004-1305.port002.dump.anon-dir/stream-214/stream-214.csv:1096920502.0106008, 5355124.0, 1.0, increase 0.0 7260.0 4840.0
./lbl-internal.20041004-1305.port002.dump.anon-dir/stream-214/stream-214.csv:1096920502.5106008, 5355124.0, 0.5, increase 7260.0 0.0 4840.0
./lbl-internal.20041004-1305.port002.dump.anon-dir/stream-214/stream-214.csv:1096920504.0106008, 5361790.0, 1.0, increase 0.0 6666.0 4444.0
./lbl-internal.20041004-1305.port002.dump.anon-dir/stream-214/stream-214.csv:1096920504.5106008, 5361790.0, 0.5, increase 6666.0 0.0 4444.0
./lbl-internal.20041004-1305.port002.dump.anon-dir/stream-214/stream-214.csv:1096920506.0106008, 5369248.0, 1.0, increase 14916.0 0.0 4972.0
./lbl-internal.20041004-1305.port002.dump.anon-dir/stream-214/stream-214.csv:1096920506.5106008, 5376970.0, 0.5, increase 0.0 15444.0 5148.0
./lbl-internal.20041004-1305.port002.dump.anon-dir/stream-214/stream-214.csv:1096920508.0106008, 5385286.0, 1.0, increase 0.0 8316.0 5544.0
./lbl-internal.20041004-1305.port002.dump.anon-dir/stream-214/stream-214.csv:1096920508.5106008, 5385286.0, 0.5, increase 8316.0 0.0 5544.0
./lbl-internal.20041004-1305.port002.dump.anon-dir/stream-214/stream-214.csv:1096920510.0106008, 5394922.0, 1.0, increase 0.0 9636.0 6424.0
./lbl-internal.20041004-1305.port002.dump.anon-dir/stream-214/stream-214.csv:1096920510.5106008, 5394922.0, 0.5, increase 9636.0 0.0 6424.0
./lbl-internal.20041004-1305.port002.dump.anon-dir/stream-214/stream-214.csv:1096920512.0106008, 5402512.0, 1.0, increase 15180.0 0.0 5060.0
./lbl-internal.20041004-1305.port002.dump.anon-dir/stream-214/stream-214.csv:1096920512.5106008, 5410234.0, 0.5, increase 0.0 15444.0 5148.0
./lbl-internal.20041004-1305.port002.dump.anon-dir/stream-214/stream-214.csv:1096920514.0106008, 5418682.0, 1.0, increase 0.0 8448.0 5632.0
./lbl-internal.20041004-1305.port002.dump.anon-dir/stream-214/stream-214.csv:1096920514.5106008, 5418682.0, 0.5, increase 8448.0 0.0 5632.0
./lbl-internal.20041004-1305.port002.dump.anon-dir/stream-214/stream-214.csv:1096920516.0106008, 5426668.0, 1.0, increase 0.0 7986.0 5324.0
./lbl-internal.20041004-1305.port002.dump.anon-dir/stream-214/stream-214.csv:1096920516.5106008, 5426668.0, 0.5, increase 7986.0 0.0 5324.0
./lbl-internal.20041004-1305.port002.dump.anon-dir/stream-214/stream-214.csv:1096920518.0106008, 5435380.0, 1.0, increase 17424.0 0.0 5808.0
./lbl-internal.20041004-1305.port002.dump.anon-dir/stream-214/stream-214.csv:1096920518.5106008, 5442310.0, 0.5, increase 0.0 13860.0 4620.0
./lbl-internal.20041004-1305.port002.dump.anon-dir/stream-214/stream-214.csv:1096920520.0106008, 5449834.0, 1.0, increase 0.0 7524.0 5016.0
./lbl-internal.20041004-1305.port002.dump.anon-dir/stream-214/stream-214.csv:1096920520.5106008, 5449834.0, 0.5, increase 7524.0 0.0 5016.0
./lbl-internal.20041004-1305.port002.dump.anon-dir/stream-214/stream-214.csv:1096920522.0106008, 5457622.0, 1.0, increase 0.0 7788.0 5192.0
./lbl-internal.20041004-1305.port002.dump.anon-dir/stream-214/stream-214.csv:1096920522.5106008, 5457622.0, 0.5, increase 7788.0 0.0 5192.0
./lbl-internal.20041004-1305.port002.dump.anon-dir/stream-214/stream-214.csv:1096920524.0106008, 5518540.0, 1.0, increase 11880.0 54978.0 40612.0
./lbl-internal.20041004-1305.port002.dump.anon-dir/stream-214/stream-214.csv:1096920524.5106008, 5522764.0, 0.5, increase 54978.0 8448.0 39468.0
./lbl-internal.20041004-1305.port002.dump.anon-dir/stream-214/stream-214.csv:1096920526.0106008, 6350008.0, 1.0, increase 679404.0 487542.0 551496.0
./lbl-internal.20041004-1305.port002.dump.anon-dir/stream-214/stream-214.csv:1096920526.5106008, 6350008.0, 0.5, increase 487542.0 0.0 325028.0
./lbl-internal.20041004-1305.port002.dump.anon-dir/stream-214/stream-214.csv:1096920528.0106008, 7084984.0, 1.0, increase 0.0 734976.0 489984.0
./lbl-internal.20041004-1305.port002.dump.anon-dir/stream-214/stream-214.csv:1096920528.5106008, 7208338.0, 0.5, increase 734976.0 246708.0 572220.0
./lbl-internal.20041004-1305.port002.dump.anon-dir/stream-214/stream-214.csv:1096920530.0106008, 7485010.0, 1.0, increase 0.0 276672.0 184448.0
./lbl-internal.20041004-1305.port002.dump.anon-dir/stream-214/stream-214.csv:1096920530.5106008, 7878568.0, 0.5, increase 276672.0 787116.0 446820.0
./lbl-internal.20041004-1305.port002.dump.anon-dir/stream-214/stream-214.csv:1096920532.0106008, 8071090.0, 1.0, increase 385044.0 0.0 128348.0
./lbl-internal.20041004-1305.port002.dump.anon-dir/stream-214/stream-214.csv:1096920532.5106008, 8324134.0, 0.5, increase 0.0 506088.0 168696.0
./lbl-internal.20041004-1305.port002.dump.anon-dir/stream-214/stream-214.csv:1096920534.0106008, 8927176.0, 1.0, increase 790548.0 207768.0 402028.0
./lbl-internal.20041004-1305.port002.dump.anon-dir/stream-214/stream-214.csv:1096920534.5106008, 8927176.0, 0.5, increase 207768.0 0.0 138512.0
./lbl-internal.20041004-1305.port002.dump.anon-dir/stream-214/stream-214.csv:1096920536.0106008, 9795538.0, 1.0, increase 434016.0 651354.0 578908.0
./lbl-internal.20041004-1305.port002.dump.anon-dir/stream-214/stream-214.csv:1096920536.5106008, 9795538.0, 0.5, increase 651354.0 0.0 434236.0
./lbl-internal.20041004-1305.port002.dump.anon-dir/stream-214/stream-214.csv:1096920538.0106008, 10029574.0, 1.0, increase 0.0 234036.0 156024.0
./lbl-internal.20041004-1305.port002.dump.anon-dir/stream-214/stream-214.csv:1096920538.5106008, 10029574.0, 0.5, increase 234036.0 0.0 156024.0
./lbl-internal.20041004-1305.port002.dump.anon-dir/stream-214/stream-214.csv:1096920540.0106008, 10036768.0, 1.0, increase 14388.0 0.0 4796.0
./lbl-internal.20041004-1305.port002.dump.anon-dir/stream-214/stream-214.csv:1096920540.5106008, 10044952.0, 0.5, increase 0.0 16368.0 5456.0
./lbl-internal.20041004-1305.port002.dump.anon-dir/stream-214/stream-214.csv:1096920542.0106008, 10054918.0, 1.0, increase 0.0 9966.0 6644.0
./lbl-internal.20041004-1305.port002.dump.anon-dir/stream-214/stream-214.csv:1096920542.5106008, 10054918.0, 0.5, increase 9966.0 0.0 6644.0
./lbl-internal.20041004-1305.port002.dump.anon-dir/stream-214/stream-214.csv:1096920544.0106008, 10062112.0, 1.0, increase 0.0 7194.0 4796.0
./lbl-internal.20041004-1305.port002.dump.anon-dir/stream-214/stream-214.csv:1096920544.5106008, 10062112.0, 0.5, increase 7194.0 0.0 4796.0
./lbl-internal.20041004-1305.port002.dump.anon-dir/stream-214/stream-214.csv:1096920546.0106008, 10153654.0, 1.0, increase 32472.0 75306.0 61028.0
./lbl-internal.20041004-1305.port002.dump.anon-dir/stream-214/stream-214.csv:1096920546.5106008, 10161442.0, 0.5, increase 75306.0 15576.0 55396.0
./lbl-internal.20041004-1305.port002.dump.anon-dir/stream-214/stream-214.csv:1096920548.0106008, 10169626.0, 1.0, increase 0.0 8184.0 5456.0
./lbl-internal.20041004-1305.port002.dump.anon-dir/stream-214/stream-214.csv:1096920548.5106008, 10169626.0, 0.5, increase 8184.0 0.0 5456.0
./lbl-internal.20041004-1305.port002.dump.anon-dir/stream-214/stream-214.csv:1096920550.0106008, 10177084.0, 1.0, increase 0.0 7458.0 4972.0
./lbl-internal.20041004-1305.port002.dump.anon-dir/stream-214/stream-214.csv:1096920550.5106008, 10177084.0, 0.5, increase 7458.0 0.0 4972.0
./lbl-internal.20041004-1305.port002.dump.anon-dir/stream-214/stream-214.csv:1096920552.0106008, 10184872.0, 1.0, increase 9900.0 2838.0 5192.0
./lbl-internal.20041004-1305.port002.dump.anon-dir/stream-404/stream-404.csv:1096920607.322125, 21354.0, 2.0, increase 11826.0 2700.0 5742.0
./lbl-internal.20041004-1305.port002.dump.anon-dir/stream-404/stream-404.csv:1096920607.9887917, 21354.0, 0.6666666666666666, increase 2700.0 0.0 2024.999939650299
./lbl-internal.20041004-1305.port002.dump.anon-dir/stream-441/stream-441.csv:1096920656.21816, 57746.0, 2.0, increase 33294.0 0.0 11098.0
./lbl-internal.20041004-1305.port002.dump.anon-dir/stream-350/stream-350.csv:1096920582.1984, 58554.0, 2.0, increase 2310.0 24354.0 17006.0
./lbl-internal.20041004-1305.port002.dump.anon-dir/stream-350/stream-350.csv:1096920582.8650668, 73008.0, 0.6666666666666666, increase 24354.0 21681.0 23685.749294109664
./lbl-internal.20041004-1305.port002.dump.anon-dir/stream-350/stream-350.csv:1096920584.8650668, 102708.0, 1.3333333333333333, increase 8910.0 17820.0 14850.0
./lbl-internal.20041004-1305.port002.dump.anon-dir/stream-350/stream-350.csv:1096920585.3650668, 116238.0, 0.5, increase 17820.0 27060.0 20340.000881715292
./lbl-internal.20041004-1305.port002.dump.anon-dir/stream-350/stream-350.csv:1096920588.8650668, 182370.0, 2.0, increase 10692.0 25113.0 20306.0
./lbl-internal.20041004-1305.port002.dump.anon-dir/stream-350/stream-350.csv:1096920589.5317335, 192732.0, 0.6666666666666666, increase 25113.0 15543.0 22720.499322876356
./lbl-internal.20041004-1305.port002.dump.anon-dir/stream-350/stream-350.csv:1096920591.5317335, 233388.0, 1.3333333333333333, increase 27621.0 16681.5 20328.0
./lbl-internal.20041004-1305.port002.dump.anon-dir/stream-350/stream-350.csv:1096920592.0317335, 239592.0, 0.5, increase 16681.5 12408.0 15516.000672600516
./lbl-internal.20041004-1305.port002.dump.anon-dir/stream-350/stream-350.csv:1096920593.5317335, 248964.0, 1.0, increase 14916.0 1914.0 6248.0
./lbl-internal.20041004-1305.port002.dump.anon-dir/stream-350/stream-350.csv:1096920594.0317335, 251670.0, 0.5, increase 1914.0 5412.0 3080.0
./lbl-internal.20041004-1305.port002.dump.anon-dir/stream-350/stream-350.csv:1096920595.5317335, 277410.0, 1.0, increase 11352.0 20064.0 17160.0
./lbl-internal.20041004-1305.port002.dump.anon-dir/stream-350/stream-350.csv:1096920596.0317335, 278136.0, 0.5, increase 20064.0 1452.0 13860.0
./lbl-internal.20041004-1305.port002.dump.anon-dir/stream-350/stream-350.csv:1096920597.5317335, 312126.0, 1.0, increase 29700.0 19140.0 22660.0
./lbl-internal.20041004-1305.port002.dump.anon-dir/stream-350/stream-350.csv:1096920598.0317335, 314898.0, 0.5, increase 19140.0 5544.0 14608.0
./lbl-internal.20041004-1305.port002.dump.anon-dir/stream-350/stream-350.csv:1096920599.5317335, 323346.0, 1.0, increase 3036.0 6930.0 5632.0
./lbl-internal.20041004-1305.port002.dump.anon-dir/stream-350/stream-350.csv:1096920600.0317335, 329220.0, 0.5, increase 6930.0 11748.0 8536.0
./lbl-internal.20041004-1305.port002.dump.anon-dir/stream-350/stream-350.csv:1096920601.5317335, 350406.0, 1.0, increase 22836.0 9768.0 14124.0
./lbl-internal.20041004-1305.port002.dump.anon-dir/stream-350/stream-350.csv:1096920602.0317335, 361362.0, 0.5, increase 9768.0 21912.0 13816.0
./lbl-internal.20041004-1305.port002.dump.anon-dir/stream-350/stream-350.csv:1096920603.5317335, 392316.0, 1.0, increase 12408.0 24750.0 20636.0
./lbl-internal.20041004-1305.port002.dump.anon-dir/stream-350/stream-350.csv:1096920604.0317335, 401820.0, 0.5, increase 24750.0 19008.0 22836.0
./lbl-internal.20041004-1305.port002.dump.anon-dir/stream-350/stream-350.csv:1096920605.5317335, 413700.0, 1.0, increase 1188.0 11286.0 7920.0
./lbl-internal.20041004-1305.port002.dump.anon-dir/stream-350/stream-350.csv:1096920606.0317335, 428418.0, 0.5, increase 11286.0 29436.0 17336.0
./lbl-internal.20041004-1305.port002.dump.anon-dir/stream-350/stream-350.csv:1096920609.5317335, 494220.0, 2.0, increase 13992.0 22209.0 19470.0
./lbl-internal.20041004-1305.port002.dump.anon-dir/stream-350/stream-350.csv:1096920610.1984003, 498510.0, 0.6666666666666666, increase 22209.0 6435.0 18265.499455645695
./lbl-internal.20041004-1305.port002.dump.anon-dir/stream-350/stream-350.csv:1096920612.1984003, 532962.0, 1.3333333333333333, increase 7524.0 22077.0 17226.0
./lbl-internal.20041004-1305.port002.dump.anon-dir/stream-350/stream-350.csv:1096920612.6984003, 545304.0, 0.5, increase 22077.0 24684.0 22788.00098783324
./lbl-internal.20041004-1305.port002.dump.anon-dir/stream-350/stream-350.csv:1096920616.1984003, 620808.0, 2.0, increase 4752.0 34155.0 24354.0
./lbl-internal.20041004-1305.port002.dump.anon-dir/stream-350/stream-350.csv:1096920616.865067, 636714.0, 0.6666666666666666, increase 34155.0 23859.0 31580.999058812886
./lbl-internal.20041004-1305.port002.dump.anon-dir/stream-350/stream-350.csv:1096920618.865067, 687468.0, 1.3333333333333333, increase 15048.0 30541.5 25377.0
./lbl-internal.20041004-1305.port002.dump.anon-dir/stream-350/stream-350.csv:1096920619.365067, 691956.0, 0.5, increase 30541.5 8976.0 24660.001068982256
./lbl-internal.20041004-1305.port002.dump.anon-dir/stream-350/stream-350.csv:1096920620.865067, 720072.0, 1.0, increase 13728.0 21252.0 18744.0
./lbl-internal.20041004-1305.port002.dump.anon-dir/stream-350/stream-350.csv:1096920621.365067, 728982.0, 0.5, increase 21252.0 17820.0 20108.0
./lbl-internal.20041004-1305.port002.dump.anon-dir/stream-350/stream-350.csv:1096920622.865067, 773070.0, 1.0, increase 17160.0 35508.0 29392.0
./lbl-internal.20041004-1305.port002.dump.anon-dir/stream-350/stream-350.csv:1096920623.365067, 779604.0, 0.5, increase 35508.0 13068.0 28028.0
./lbl-internal.20041004-1305.port002.dump.anon-dir/stream-350/stream-350.csv:1096920624.865067, 817026.0, 1.0, increase 28776.0 23034.0 24948.0
./lbl-internal.20041004-1305.port002.dump.anon-dir/stream-350/stream-350.csv:1096920625.365067, 832074.0, 0.5, increase 23034.0 30096.0 25388.0
./lbl-internal.20041004-1305.port002.dump.anon-dir/stream-350/stream-350.csv:1096920628.865067, 927246.0, 2.0, increase 34122.0 22572.0 26422.0
./lbl-internal.20041004-1305.port002.dump.anon-dir/stream-350/stream-350.csv:1096920629.5317338, 934902.0, 0.6666666666666666, increase 22572.0 11484.0 19799.999409914035
./lbl-internal.20041004-1305.port002.dump.anon-dir/stream-350/stream-350.csv:1096920631.5317338, 968628.0, 1.3333333333333333, increase 10791.0 19899.0 16863.0
./lbl-internal.20041004-1305.port002.dump.anon-dir/stream-350/stream-350.csv:1096920632.0317338, 976152.0, 0.5, increase 19899.0 15048.0 18576.00080524795
./lbl-internal.20041004-1305.port002.dump.anon-dir/stream-350/stream-350.csv:1096920639.5317338, 1138182.0, 4.0, increase 15741.0 26994.0 23243.0
./lbl-internal.20041004-1305.port002.dump.anon-dir/stream-350/stream-350.csv:1096920640.865067, 1191180.0, 1.3333333333333333, increase 26994.0 39748.5 30182.625449756168
./lbl-internal.20041004-1305.port002.dump.anon-dir/stream-350/stream-350.csv:1096920649.865067, 1484286.0, 5.0, increase 23438.25 39534.0 33935.47790909355
./lbl-internal.20041004-1305.port002.dump.anon-dir/stream-350/stream-350.csv:1096920651.5317338, 1540518.0, 1.6666666666666667, increase 39534.0 33739.2 38085.29954598785
./lbl-internal.20041004-1305.port002.dump.anon-dir/stream-350/stream-350.csv:1096920656.5317338, 1651002.0, 3.3333333333333335, increase 27878.399999999998 19206.0 22096.8
./lbl-internal.20041004-1305.port002.dump.anon-dir/stream-350/stream-350.csv:1096920657.642845, 1661892.0, 1.1111111111111112, increase 19206.0 9801.0 16854.75010046214
./lbl-internal.20041004-1305.port002.dump.anon-dir/stream-350/stream-350.csv:1096920660.9761784, 1746438.0, 2.2222222222222223, increase 31482.0 22304.7 25363.798790559827
./lbl-internal.20041004-1305.port002.dump.anon-dir/stream-350/stream-350.csv:1096920661.7169192, 1747032.0, 0.7407407407407408, increase 22304.7 801.9 16928.999192762414
./lbl-internal.20041004-1305.port002.dump.anon-dir/stream-350/stream-350.csv:1096920663.9391415, 1802934.0, 1.4814814814814816, increase 37065.6 19201.05 25155.89880047327
./lbl-internal.20041004-1305.port002.dump.anon-dir/stream-350/stream-350.csv:1096920664.4391415, 1816134.0, 0.5, increase 19201.05 26400.0 21017.606727328908
./lbl-internal.20041004-1305.port002.dump.anon-dir/stream-350/stream-350.csv:1096920665.9391415, 1870122.0, 1.0, increase 24552.0 41712.0 35992.0
./lbl-internal.20041004-1305.port002.dump.anon-dir/stream-350/stream-350.csv:1096920666.4391415, 1887612.0, 0.5, increase 41712.0 34980.0 39468.0
./lbl-internal.20041004-1305.port002.dump.anon-dir/stream-350/stream-350.csv:1096920669.9391415, 2020536.0, 2.0, increase 44418.0 32901.0 36740.0
./lbl-internal.20041004-1305.port002.dump.anon-dir/stream-350/stream-350.csv:1096920671.9391415, 2076372.0, 1.3333333333333333, increase 31284.0 26235.0 27918.0
./lbl-internal.20041004-1305.port002.dump.anon-dir/stream-350/stream-350.csv:1096920672.4391415, 2092674.0, 0.5, increase 26235.0 32604.0 27972.001212553598
./lbl-internal.20041004-1305.port002.dump.anon-dir/stream-350/stream-350.csv:1096920673.9391415, 2133528.0, 1.0, increase 24816.0 28446.0 27236.0
./lbl-internal.20041004-1305.port002.dump.anon-dir/stream-350/stream-350.csv:1096920674.4391415, 2140062.0, 0.5, increase 28446.0 13068.0 23320.0
./lbl-internal.20041004-1305.port002.dump.anon-dir/stream-350/stream-350.csv:1096920675.9391415, 2173392.0, 1.0, increase 46728.0 9966.0 22220.0
./lbl-internal.20041004-1305.port002.dump.anon-dir/stream-350/stream-350.csv:1096920676.4391415, 2195700.0, 0.5, increase 9966.0 44616.0 21516.0
./lbl-internal.20041004-1305.port002.dump.anon-dir/stream-350/stream-350.csv:1096920677.9391415, 2211276.0, 1.0, increase 25344.0 2904.0 10384.0
./lbl-internal.20041004-1305.port002.dump.anon-dir/stream-350/stream-350.csv:1096920679.4391415, 2231076.0, 1.0, increase 0.0 19800.0 13200.0
./lbl-internal.20041004-1305.port002.dump.anon-dir/stream-350/stream-350.csv:1096920679.9391415, 2251800.0, 0.5, increase 19800.0 41448.0 27016.0
./lbl-internal.20041004-1305.port002.dump.anon-dir/stream-350/stream-350.csv:1096920681.4391415, 2265396.0, 1.0, increase 1320.0 12936.0 9064.0
./lbl-internal.20041004-1305.port002.dump.anon-dir/stream-350/stream-350.csv:1096920681.9391415, 2287968.0, 0.5, increase 12936.0 45144.0 23672.0
./lbl-internal.20041004-1305.port002.dump.anon-dir/stream-350/stream-350.csv:1096920689.4391415, 2561472.0, 4.0, increase 40425.0 32703.0 35277.0
./lbl-internal.20041004-1305.port002.dump.anon-dir/stream-350/stream-350.csv:1096920690.7724748, 2594340.0, 1.3333333333333333, increase 32703.0 24651.0 30690.000457316644
./lbl-internal.20041004-1305.port002.dump.anon-dir/stream-350/stream-350.csv:1096920694.7724748, 2717562.0, 2.6666666666666665, increase 16483.5 37966.5 30805.5
./lbl-internal.20041004-1305.port002.dump.anon-dir/stream-350/stream-350.csv:1096920695.6613636, 2732940.0, 0.8888888888888888, increase 37966.5 17300.25 32799.93725562142
./lbl-internal.20041004-1305.port002.dump.anon-dir/stream-350/stream-350.csv:1096920698.32803, 2792802.0, 1.7777777777777777, increase 28586.25 19379.25 22448.251338020047
./lbl-internal.20041004-1305.port002.dump.anon-dir/stream-350/stream-350.csv:1096920698.9206226, 2794188.0, 0.5925925925925926, increase 19379.25 2338.875 15119.157658081283
./lbl-internal.20041004-1305.port002.dump.anon-dir/stream-350/stream-350.csv:1096920703.0687706, 2918070.0, 2.3703703703703702, increase 24001.3125 34275.65625 30850.87477014307
./lbl-internal.20041004-1305.port002.dump.anon-dir/stream-350/stream-350.csv:1096920703.858894, 2938398.0, 0.7901234567901234, increase 34275.65625 25727.625 32138.64819804841
./lbl-internal.20041004-1305.port002.dump.anon-dir/stream-350/stream-350.csv:1096920706.2292645, 3008886.0, 1.5802469135802468, increase 31908.9375 28651.21875 29737.124778441153
./lbl-internal.20041004-1305.port002.dump.anon-dir/stream-350/stream-350.csv:1096920706.7560134, 3021756.0, 0.5267489711934156, increase 28651.21875 24432.890625000004 27596.637554044573
./lbl-internal.20041004-1305.port002.dump.anon-dir/stream-350/stream-350.csv:1096920708.3362603, 3057132.0, 1.0534979423868311, increase 28442.390625000004 19358.367187500004 22386.37483320851
./lbl-internal.20041004-1305.port002.dump.anon-dir/stream-350/stream-350.csv:1096920708.8362603, 3069672.0, 0.5, increase 19358.367187500004 25080.0 21199.898146103274
./lbl-internal.20041004-1305.port002.dump.anon-dir/stream-350/stream-350.csv:1096920710.3362603, 3108678.0, 1.0, increase 32340.0 22836.0 26004.0
./lbl-internal.20041004-1305.port002.dump.anon-dir/stream-350/stream-350.csv:1096920710.8362603, 3130986.0, 0.5, increase 22836.0 44616.0 30096.0
./lbl-internal.20041004-1305.port002.dump.anon-dir/stream-350/stream-350.csv:1096920714.3362603, 3249654.0, 2.0, increase 40788.0 28248.0 32428.0
./lbl-internal.20041004-1305.port002.dump.anon-dir/stream-350/stream-350.csv:1096920715.002927, 3264834.0, 0.6666666666666666, increase 28248.0 22770.0 26878.499198958303
./lbl-internal.20041004-1305.port002.dump.anon-dir/stream-350/stream-350.csv:1096920717.002927, 3307998.0, 1.3333333333333333, increase 26037.0 19354.5 21582.0
./lbl-internal.20041004-1305.port002.dump.anon-dir/stream-350/stream-350.csv:1096920718.502927, 3340206.0, 1.0, increase 17292.0 23562.0 21472.0
./lbl-internal.20041004-1305.port002.dump.anon-dir/stream-350/stream-350.csv:1096920719.002927, 3361326.0, 0.5, increase 23562.0 42240.0 29788.0
./lbl-internal.20041004-1305.port002.dump.anon-dir/stream-350/stream-350.csv:1096920720.502927, 3415842.0, 1.0, increase 39072.0 34980.0 36344.0
./lbl-internal.20041004-1305.port002.dump.anon-dir/stream-350/stream-350.csv:1096920721.002927, 3436698.0, 0.5, increase 34980.0 41712.0 37224.0
./lbl-internal.20041004-1305.port002.dump.anon-dir/stream-350/stream-350.csv:1096920724.502927, 3515898.0, 2.0, increase 25542.0 20757.0 22352.0
./lbl-internal.20041004-1305.port002.dump.anon-dir/stream-350/stream-350.csv:1096920725.1695938, 3539526.0, 0.6666666666666666, increase 20757.0 35442.0 24428.24927198144
./lbl-internal.20041004-1305.port002.dump.anon-dir/stream-350/stream-350.csv:1096920727.1695938, 3566916.0, 1.3333333333333333, increase 17820.0 11632.5 13695.0
./lbl-internal.20041004-1305.port002.dump.anon-dir/stream-350/stream-350.csv:1096920727.6695938, 3570348.0, 0.5, increase 11632.5 6864.0 10332.000447880157
./lbl-internal.20041004-1305.port002.dump.anon-dir/stream-365/stream-365.csv:1096920587.67176, 936490.0, 2.0, increase 410124.0 244827.0 299926.0
./lbl-internal.20041004-1305.port002.dump.anon-dir/stream-365/stream-365.csv:1096920588.3384268, 1427728.0, 0.6666666666666666, increase 244827.0 736857.0 367834.489037678
./lbl-internal.20041004-1305.port002.dump.anon-dir/stream-365/stream-365.csv:1096920590.3384268, 1883986.0, 1.3333333333333333, increase 505989.0 89199.0 228129.0
./lbl-internal.20041004-1305.port002.dump.anon-dir/stream-365/stream-365.csv:1096920590.8384268, 2271142.0, 0.5, increase 89199.0 774312.0 276048.01196635904
./lbl-internal.20041004-1305.port002.dump.anon-dir/stream-365/stream-365.csv:1096920592.3384268, 2598832.0, 1.0, increase 655380.0 0.0 218460.0
./lbl-internal.20041004-1305.port002.dump.anon-dir/stream-365/stream-365.csv:1096920592.8384268, 2607082.0, 0.5, increase 0.0 16500.0 5500.0
./lbl-internal.20041004-1305.port002.dump.anon-dir/stream-365/stream-365.csv:1096920594.3384268, 2631502.0, 1.0, increase 0.0 24420.0 16280.0
./lbl-internal.20041004-1305.port002.dump.anon-dir/stream-365/stream-365.csv:1096920594.8384268, 2634076.0, 0.5, increase 24420.0 5148.0 17996.0
./lbl-internal.20041004-1305.port002.dump.anon-dir/stream-365/stream-365.csv:1096920596.3384268, 2638828.0, 1.0, increase 0.0 4752.0 3168.0
./lbl-internal.20041004-1305.port002.dump.anon-dir/stream-365/stream-365.csv:1096920596.8384268, 2638828.0, 0.5, increase 4752.0 0.0 3168.0
./lbl-internal.20041004-1305.port002.dump.anon-dir/stream-365/stream-365.csv:1096920598.3384268, 2662324.0, 1.0, increase 27192.0 9900.0 15664.0
./lbl-internal.20041004-1305.port002.dump.anon-dir/stream-365/stream-365.csv:1096920598.8384268, 2668924.0, 0.5, increase 9900.0 13200.0 11000.0
./lbl-internal.20041004-1305.port002.dump.anon-dir/stream-365/stream-365.csv:1096920600.3384268, 2679418.0, 1.0, increase 1584.0 9702.0 6996.0
./lbl-internal.20041004-1305.port002.dump.anon-dir/stream-365/stream-365.csv:1096920600.8384268, 2763832.0, 0.5, increase 9702.0 168828.0 62744.0
./lbl-internal.20041004-1305.port002.dump.anon-dir/stream-365/stream-365.csv:1096920613.3384268, 2845210.0, 5.0, increase 2607.0 13846.8 8851.333333333334
./lbl-internal.20041004-1305.port002.dump.anon-dir/stream-365/stream-365.csv:1096920615.0050936, 2846002.0, 1.6666666666666667, increase 13846.8 475.2 10503.899874783756
./lbl-internal.20041004-1305.port002.dump.anon-dir/stream-365/stream-365.csv:1096920620.0050936, 2915896.0, 3.3333333333333335, increase 36709.2 2613.6 13978.8
./lbl-internal.20041004-1305.port002.dump.anon-dir/stream-166/stream-166.csv:1096920430.574101, 6061522.0, 4.0, increase 779262.0 758505.0 765424.0
./lbl-internal.20041004-1305.port002.dump.anon-dir/stream-166/stream-166.csv:1096920431.9074342, 7111384.0, 1.3333333333333333, increase 758505.0 787396.5 765727.8864102346
./lbl-internal.20041004-1305.port002.dump.anon-dir/stream-166/stream-166.csv:1096920435.9074342, 9653572.0, 2.6666666666666665, increase 777942.0 564349.5 635547.0
./lbl-internal.20041004-1305.port002.dump.anon-dir/stream-166/stream-166.csv:1096920436.796323, 9910972.0, 0.8888888888888888, increase 564349.5 289575.0 495655.87130707595
./lbl-internal.20041004-1305.port002.dump.anon-dir/stream-166/stream-166.csv:1096920439.4629896, 10794514.0, 1.7777777777777777, increase 377784.0 308100.375 331328.2697487038
./lbl-internal.20041004-1305.port002.dump.anon-dir/stream-166/stream-166.csv:1096920440.055582, 10942222.0, 0.5925925925925926, increase 308100.375 249257.25 293389.62107403774
./lbl-internal.20041004-1303.port001.dump.anon-dir/stream-3/stream-3.csv:1096920226.998919, 14986.0, 2.0, increase 6576.0 0.0 2192.0
./lbl-internal.20041004-1303.port001.dump.anon-dir/stream-79/stream-79.csv:1096920387.84553, 5142.0, 2.0, increase 3456.0 0.0 1152.0
./lbl-internal.20041004-1303.port001.dump.anon-dir/stream-153/stream-153.csv:1096920612.903443, 10434.0, 2.0, increase 108.0 4644.0 3132.0
./lbl-internal.20041004-1303.port001.dump.anon-dir/stream-153/stream-153.csv:1096920613.5701098, 10488.0, 0.6666666666666666, increase 4644.0 81.0 3503.2498955950173
./lbl-internal.20041004-1303.port001.dump.anon-dir/stream-194/stream-194.csv:1096920719.001498, 5644.0, 2.0, increase 3198.0 0.0 1066.0
./lbl-internal.20041004-1303.port001.dump.anon-dir/stream-226/stream-226.csv:1096920816.229195, 9678.0, 2.0, increase 108.0 4266.0 2880.0
./lbl-internal.20041004-1303.port001.dump.anon-dir/stream-226/stream-226.csv:1096920816.8958619, 9948.0, 0.6666666666666666, increase 4266.0 405.0 3300.749901629987
