avg overall
[(0.5, 3.0, 0.5, 2.2, 1.1), 0.405, 3.086, 1.2642],
 [(0.5, 3.0, 0.5, 2.3, 1.1), 0.405, 3.086, 1.2642],
 [(0.5, 3.0, 0.5, 2.4, 1.1), 0.405, 3.086, 1.2642],
 [(0.5, 3.0, 0.5, 2.5, 1.1), 0.405, 3.086, 1.2642],
 [(0.5, 3.0, 0.5, 2.6, 1.1), 0.405, 3.086, 1.2642],
 [(0.5, 3.0, 0.5, 2.7, 1.1), 0.405, 3.086, 1.2642],
 [(0.5, 3.0, 0.5, 2.8, 1.1), 0.405, 3.086, 1.2642],
 [(0.5, 3.0, 0.5, 2.9, 1.1), 0.405, 3.086, 1.2642],
 [(0.5, 3.0, 0.5, 3.0, 1.1), 0.405, 3.086, 1.2642],
 [(0.5, 3.0, 0.5, 2.0, 1.1), 0.405, 6.075, 1.2622999999999998],
 [(0.5, 3.0, 0.5, 2.1, 1.1), 0.405, 4.181, 1.2360499999999999],
 [(0.5, 5.0, 0.5, 2.2, 1.1), 0.312, 2.679, 1.1928499999999997],
 [(0.5, 5.0, 0.5, 2.3, 1.1), 0.312, 2.679, 1.1928499999999997],
 [(0.5, 5.0, 0.5, 2.4, 1.1), 0.312, 2.679, 1.1928499999999997],
 [(0.5, 5.0, 0.5, 2.5, 1.1), 0.312, 2.679, 1.1928499999999997],
 [(0.5, 5.0, 0.5, 2.6, 1.1), 0.312, 2.679, 1.1928499999999997],
 [(0.5, 5.0, 0.5, 2.7, 1.1), 0.312, 2.679, 1.1928499999999997],
 [(0.5, 5.0, 0.5, 2.8, 1.1), 0.312, 2.679, 1.1928499999999997],
 [(0.5, 5.0, 0.5, 2.9, 1.1), 0.312, 2.679, 1.1928499999999997],
 [(0.5, 5.0, 0.5, 3.0, 1.1), 0.312, 2.679, 1.1928499999999997],
 [(0.5, 5.0, 0.5, 2.0, 1.1), 0.312, 2.679, 1.1725571428571429],
 [(0.5, 5.0, 0.5, 2.1, 1.1), 0.312, 2.679, 1.1555642857142856],


Max overall
[(0.5, 3.0, 0.5, 2.0, 1.1), 0.405, 6.075, 1.2622999999999998],
 [(0.5, 3.0, 0.5, 2.1, 1.1), 0.405, 4.181, 1.2360499999999999],
 [(0.5, 3.0, 0.5, 2.2, 1.1), 0.405, 3.086, 1.2642],
 [(0.5, 3.0, 0.5, 2.3, 1.1), 0.405, 3.086, 1.2642],
 [(0.5, 3.0, 0.5, 2.4, 1.1), 0.405, 3.086, 1.2642],
 [(0.5, 3.0, 0.5, 2.5, 1.1), 0.405, 3.086, 1.2642],
 [(0.5, 3.0, 0.5, 2.6, 1.1), 0.405, 3.086, 1.2642],
 [(0.5, 3.0, 0.5, 2.7, 1.1), 0.405, 3.086, 1.2642],
 [(0.5, 3.0, 0.5, 2.8, 1.1), 0.405, 3.086, 1.2642],
 [(0.5, 3.0, 0.5, 2.9, 1.1), 0.405, 3.086, 1.2642],
 [(0.5, 3.0, 0.5, 3.0, 1.1), 0.405, 3.086, 1.2642],
 [(0.5, 5.0, 0.5, 2.0, 1.1), 0.312, 2.679, 1.1725571428571429],
 [(0.5, 5.0, 0.5, 2.1, 1.1), 0.312, 2.679, 1.1555642857142856],
 [(0.5, 5.0, 0.5, 2.2, 1.1), 0.312, 2.679, 1.1928499999999997],
 [(0.5, 5.0, 0.5, 2.3, 1.1), 0.312, 2.679, 1.1928499999999997],
 [(0.5, 5.0, 0.5, 2.4, 1.1), 0.312, 2.679, 1.1928499999999997],
 [(0.5, 5.0, 0.5, 2.5, 1.1), 0.312, 2.679, 1.1928499999999997],
 [(0.5, 5.0, 0.5, 2.6, 1.1), 0.312, 2.679, 1.1928499999999997],
 [(0.5, 5.0, 0.5, 2.7, 1.1), 0.312, 2.679, 1.1928499999999997],
 [(0.5, 5.0, 0.5, 2.8, 1.1), 0.312, 2.679, 1.1928499999999997],
 [(0.5, 5.0, 0.5, 2.9, 1.1), 0.312, 2.679, 1.1928499999999997],
 [(0.5, 5.0, 0.5, 3.0, 1.1), 0.312, 2.679, 1.1928499999999997],